6468
6433
2331
7061
9972
1834
9583
5941
7171
7043
4554
8777
1860
4626
5763
3380
9511
6327
9110
24
4432
4806
9467
9675
1812
8415
8743
4153
9351
8581
4620
3936
2510
5824
3847
7656
1693
2958
9638
5176
5839
8927
2410
2837
1646
159
8984
1350
5202
2552
2589
6647
9011
892
6193
2731
5224
6156
9547
3546
730
922
8431
9699
5456
5094
5337
2110
1727
7872
3068
1693
4166
5157
475
8724
8225
3261
8788
2536
2752
1117
6826
3275
3668
7436
662
1321
9204
2520
7600
2052
7870
3025
9252
7648
5876
2685
1164
5657
1681
8131
7206
4443
6031
9063
7061
4726
572
6635
3375
5543
3190
3076
7959
7298
8407
8856
7282
7132
2609
7844
4945
6935
5391
1205
6714
2009
1457
1624
4429
3691
1189
2450
499
3044
3295
6729
6477
3093
5702
9345
6788
9333
6695
192
4634
4315
7349
3271
4178
6751
202
6024
7142
3004
5244
5754
5636
8364
8408
7890
964
9981
1919
9590
8618
3661
5407
6474
8025
1445
5768
2702
5936
6568
1874
5988
3495
5549
3227
5192
6816
5912
3977
5525
9411
8134
9231
9643
7899
1020
8815
9066
9163
4958
9386
5269
2659
8657
2281
9509
350
3935
570
769
1650
4720
2225
7776
4232
8200
1708
4223
7097
1612
9111
9875
7723
464
2412
2771
4861
8363
9987
4567
7009
5368
2270
6946
5071
5144
7800
4207
1424
8678
260
8483
734
8087
5571
9988
5135
3768
220
5122
3937
4173
5689
94
4709
9637
7927
6995
4944
7886
4066
905
6329
7487
7090
8032
7255
2551
2054
5940
850
3902
4127
9104
193
2145
3112
2390
5349
2492
2117
1850
455
8248
1872
7940
1751
3149
1249
4929
7289
6352
3801
4280
2574
7947
6647
6538
8357
5422
3957
2918
2481
1705
1155
1275
2594
2530
4789
8330
912
8756
7876
6539
6662
5070
9851
8454
6425
5556
2392
5011
1582
5156
1216
6019
5510
5422
8159
7338
4533
2354
3268
2099
9202
3003
1195
3611
3441
9727
3630
644
3060
1267
9788
6454
8351
4862
8247
7250
1615
6463
4081
2056
7485
9287
9792
5600
2759
8003
1168
1718
3311
5536
7090
7627
358
3654
504
4894
180
214
5975
645
3403
6205
9335
3507
9081
1862
8142
9306
5088
7029
244
2068
9026
8716
9694
1405
3349
1865
8003
3213
8101
1317
1689
2350
4628
8022
7109
6520
7715
1435
7528
1322
8042
8859
6207
7978
3999
9972
9434
9434
9034
2750
9508
9187
6101
5205
1800
380
4862
857
2326
5567
1610
5964
915
1324
6438
8039
2172
6029
293
3516
3453
498
1884
4758
9935
1662
1896
977
8468
1322
6606
5146
3244
2018
7955
7277
1969
7403
1486
329
8955
4137
193
6034
5121
5271
1018
2704
2643
656
3632
4623
5423
2283
8735
2697
1392
1120
3298
6915
9449
5871
6987
4262
872
1530
5360
3842
2611
6763
16
9499
1604
8923
1755
5017
139
2603
6724
6083
3123
5786
6928
8272
8732
9179
6802
4488
5338
6866
8340
9944
1185
9813
1864
7563
3172
488
8296
3854
6283
9499
8776
7787
4490
1566
8296
226
5749
3428
7729
3905
6469
6697
5588
288
1706
9540
3074
2281
2568
3688
7786
9942
3203
534
6150
1959
4185
190
7732
9334
2272
9219
6191
6666
2178
5285
231
3025
4883
7545
5144
6583
5916
4582
6528
5403
9475
9739
3068
4985
4573
2499
1535
3223
4484
7918
8118
8126
8678
6101
2819
8008
1556
45
190
5355
1395
9423
2772
6330
4602
8929
4558
4825
286
4138
6548
2134
1329
5706
8972
2953
6189
7111
3534
2143
5507
7314
806
3446
6408
9925
7570
8235
6597
2148
8022
4297
4357
8334
3644
6315
4749
7939
5552
5436
8983
1530
586
5207
9160
7783
5682
856
736
7835
7686
2705
5759
3122
2883
6338
9546
1728
4418
9233
7135
8743
8673
3422
2810
9043
8085
5070
2997
7038
4028
1389
4876
6315
9497
4581
3516
7490
9832
4871
7865
1075
6389
6735
8803
2668
6840
5668
4889
5695
7998
3960
2528
3606
1928
1639
6711
6404
7379
4198
2690
7346
3050
7490
3375
5038
8472
8195
1682
7054
6731
8425
5383
818
8166
7097
8243
756
603
4799
8435
6752
2933
7251
1321
5259
2612
7446
2012
3608
9686
1755
3657
1621
3116
1355
2745
6389
9488
7101
6070
9012
4321
5530
5392
765
3019
9834
2284
6799
1545
7884
3698
7110
9309
8201
1976
1134
1177
2784
3554
9514
9439
9807
9067
9185
7988
4626
5973
8524
6532
3490
1428
2298
9500
9894
8872
3589
2626
5502
9179
6943
4168
5907
9086
64
3607
7336
6817
4204
5479
8741
7231
5066
1861
6150
771
7709
5940
123
1895
2139
7344
5740
7174
5548
8450
6590
1372
393
2063
8542
1848
2737
5846
9224
1420
7502
8929
8367
3200
5666
6970
224
7089
2620
4391
1507
323
7396
4997
8285
5176
452
8316
5637
8304
6974
1223
3924
7945
5886
2216
4033
3090
9585
8312
5197
6655
3798
6946
6735
3309
4363
7229
5544
5757
8984
7333
4176
2347
5484
3313
5888
1660
6809
7101
9473
1378
7713
720
5419
3719
7503
1767
4008
9417
7223
8860
1225
4119
1664
6918
2771
1400
9337
5288
6499
4066
6513
9060
9905
1519
6677
5342
8393
7528
626
1536
9992
5850
2176
6841
9218
8054
6853
4474
2683
5781
2343
7237
3302
1410
7388
9903
665
3617
9219
3052
7246
996
7787
7853
8199
8004
2809
102
3652
5083
4580
5526
2391
3753
545
9586
2684
7276
1099
5660
422
8714
8651
2355
7620
419
8739
3672
5880
3564
7454
1178
6235
798
2935
6699
3054
9693
333
1035
3378
7618
3527
6292
5435
9407
2116
8505
2661
1169
2932
6087
6636
975
6217
6875
4333
2533
1520
4387
2343
1341
6690
3113
4980
704
5485
6558
2112
7924
7764
8763
6926
946
214
7627
1099
9794
2649
3671
9213
7225
1721
4389
9867
2467
3056
5192
7646
6914
4338
9548
6472
1513
7373
6756
6659
3834
9923
2351
5178
6450
5741
7603
2030
1815
2892
2299
494
7587
6843
615
9080
2072
3976
2181
2834
7897
974
5879
2531
7467
2973
5589
8973
1468
663
4077
4510
1219
8956
7280
6169
4379
1049
2028
1355
2449
9923
6079
5409
2593
4530
3800
6454
1447
6380
1712
5416
5763
6177
8402
65
2996
526
196
4713
3204
1617
5741
6551
1129
193
5007
3251
777
2807
2570
9954
5564
4403
4795
9254
1671
2409
6615
6033
8705
6252
7638
8624
4240
5414
4734
4137
4905
7708
7172
7115
26
6558
473
2693
3603
1177
465
8190
5280
2804
7369
1879
2698
3475
7296
6614
18
103
6352
5429
4543
8853
2680
2069
7211
8465
4978
2838
109
2573
5198
4080
3892
4006
9447
3050
3733
3291
9999
4863
1540
4433
9021
6782
1191
1745
6475
1329
6375
3378
5095
5861
2163
9219
7171
7343
2811
2106
2540
5826
6247
8927
6929
6210
6360
8085
4061
3593
8215
3995
6480
742
3061
2471
4636
4892
7868
3865
3937
6246
3908
871
7267
9888
5316
5925
7783
4149
6139
5894
3172
4103
2111
3381
376
4551
9359
9672
91
4497
8045
2422
1009
9091
6012
1348
2160
3857
5145
4448
827
7484
4421
8934
7617
4842
1894
8848
7119
5610
4481
534
789
2031
3102
1024
9540
2140
8565
1792
2684
7252
5945
5155
4958
7897
6472
9715
6803
4172
3480
9913
358
1330
5922
9117
2095
7279
3532
60
7245
1813
6336
688
3405
767
7822
420
4730
8448
2928
9587
7324
377
7258
9574
7308
5151
2561
3013
1538
874
2114
3355
8082
8773
4911
8325
6690
7954
9525
6207
8887
7359
2240
5151
3863
8031
5407
70
1511
2328
162
7811
3242
131
7563
1632
3444
498
5897
9488
7262
8428
3278
563
7820
3161
110
6338
2616
8601
319
3278
5163
252
6296
1392
1000
662
8272
6853
6929
7489
8321
2229
2877
8901
4649
3260
6099
9671
510
548
6606
396
240
7496
2612
980
8955
3938
8511
414
4764
3098
7185
7060
632
4702
3380
8173
4191
4621
1155
6243
2420
675
361
1756
5293
9642
3572
9757
3687
7419
7260
3688
7265
466
8100
4133
2414
5126
1270
6676
9413
1521
19
8183
2964
7312
1145
7480
1102
6782
7120
2385
4900
4760
6283
6389
141
722
5587
7659
5937
4830
125
4531
2008
4250
2792
31
7985
5431
5133
5428
8572
346
7307
9739
8071
692
3415
8391
1419
5337
3755
7653
4239
5352
6887
3767
53
4342
8727
1195
1017
6518
1736
1630
635
3351
7889
2170
3715
7562
1039
729
4157
5172
9755
3572
2119
9601
1420
4589
4913
5920
2892
4625
1809
2405
9464
1
6069
7153
6545
2430
9380
4115
2319
6004
5730
6310
7204
2177
423
702
893
7127
9393
9612
2768
7144
1894
2359
807
9258
7841
7645
2920
5429
2736
893
5542
1039
3110
4681
4086
1493
7935
4992
9499
3538
3163
9183
1576
2042
3803
7585
3360
3205
892
2144
4417
5646
2838
8883
1928
1914
938
3583
2548
3034
9407
9346
1895
8865
8648
3081
9323
9826
7072
1141
9331
9635
1432
6271
4917
7203
7215
9173
7505
9763
1092
8301
5882
3431
3496
6094
4717
9849
5895
3749
7070
6034
4688
8312
7397
9156
1770
7921
6756
3648
8489
8264
8577
9285
4703
5322
1815
4900
8793
493
719
4712
5489
5115
775
8376
4996
2786
8475
7850
9136
7445
6964
1873
8931
2926
3452
4422
4109
8062
520
1478
9175
7397
282
3418
3865
3061
5311
9451
1093
7360
3285
2133
3022
4590
3441
87
32
3993
9026
6774
5819
661
7874
3315
3246
6250
1763
208
161
3599
1057
3866
8708
2125
157
1977
9227
3343
471
6778
7808
6800
9023
5295
512
5604
711
147
2941
9972
463
6852
9705
5397
1808
8047
9682
8297
9660
3052
9937
2773
7802
2523
2679
3408
6951
280
8874
6925
7385
403
7020
7967
5100
3880
217
8483
3927
7845
3823
2713
3977
7695
5853
9235
9271
969
1244
61
3243
1191
7543
2738
4261
2075
5155
7945
5777
2420
1645
4467
4655
2972
4471
9051
1720
8625
8028
8477
6627
3791
3157
1395
9961
882
570
6765
7849
3264
7087
806
8427
6252
2055
1744
2676
7291
7207
310
2267
4594
8126
1942
7253
3932
6390
6581
3428
4534
5099
6388
6571
2687
8357
7953
9827
6322
8347
2584
8670
4730
5033
6976
8527
5600
6850
850
5147
8484
8348
7192
6446
1588
4520
5820
6213
6536
4179
5991
7590
3823
5539
6707
8882
5050
971
8552
5271
781
5629
5859
3016
6798
9471
5493
883
3247
2489
9233
3285
1843
646
9204
2040
7678
6151
1675
591
1005
5174
7779
2173
6909
4253
7600
992
7073
7756
8058
5495
5315
706
7988
6604
9308
5095
6022
240
999
9420
9240
1858
7635
8375
1668
2856
7467
8856
3790
3937
6998
2225
9235
9110
1176
7642
2466
5961
4840
1915
3808
2344
158
8455
9592
2680
7973
2560
4825
116
2829
6077
4422
618
7387
5765
8788
2681
8397
1433
23
9641
5783
100
3704
5245
2064
427
1160
9409
5747
2847
3869
8507
3576
3242
6709
395
9777
3151
9169
3504
5588
1858
6024
1453
4321
4626
454
3978
3375
1100
7293
7856
4926
6039
1236
4770
2296
3740
531
5153
1413
8142
7577
7037
3670
6316
451
7174
1229
378
2156
8760
4761
6690
7434
3917
4444
7961
7071
4577
780
3786
9587
8363
285
1950
2738
5766
6575
4157
7447
3623
6270
2456
5523
1501
8863
3145
378
8361
2355
1590
9257
8381
6869
8595
3097
6109
6937
4241
1004
2035
4774
9267
5023
5806
2774
3702
5768
2523
9898
4724
7943
1599
7233
5347
7772
4663
7558
1224
4524
115
5604
4953
7837
9536
7894
1846
9764
6937
587
8857
2218
7660
8713
6767
8421
6604
7243
1166
5564
8572
3838
6452
4001
2246
3642
1346
9180
3352
7215
7766
8247
1608
1318
93
6277
3678
3856
5808
8684
5011
7273
5940
3545
4648
4590
1624
755
1183
7348
8006
1899
9110
9831
7852
2469
4167
4479
2324
8959
6450
7939
1396
364
403
7698
1332
5628
4318
8875
7945
5741
185
6863
7108
575
9623
3100
5138
8957
3225
3119
8295
6162
3518
1134
4321
3012
4463
3326
7667
1392
536
8190
4006
7364
4519
5991
7983
8159
1284
8268
8415
5882
3103
7049
6761
1562
5806
991
8872
8180
8162
7716
6328
2250
9858
3119
1971
4733
6895
7115
8016
7284
1711
7391
2561
8955
6481
9373
3286
671
7461
1918
9070
8293
1687
4752
7816
4568
987
9110
9055
5884
5285
7536
7928
4442
8367
5579
2843
3834
7587
8511
6647
4243
4504
6004
4028
5712
5093
2314
8207
1062
8696
4173
7936
3974
8196
8909
625
1107
786
7357
4843
6571
8152
5802
4576
1235
3708
9282
3621
1203
8936
1363
2568
6432
7673
1140
2988
3434
8846
8260
5185
3445
4771
5411
3408
6791
3329
625
2805
9015
1226
6215
8429
9635
9084
429
8717
7867
5396
6730
122
4751
6769
6840
8944
1433
2043
785
1369
7398
6430
3394
416
4841
8403
6003
8305
2428
5984
6231
2272
1334
2542
2305
8484
2280
9021
4191
2189
2193
2483
6444
689
3028
3482
1990
8937
3109
1378
7759
1196
1386
5338
8158
8614
5919
2503
3721
6762
3328
3758
3157
8767
4909
8750
9798
2198
3720
8944
4751
3619
4068
3900
3237
7066
2800
7747
4385
5012
2791
5507
5233
9897
6132
9305
5827
3919
2728
3546
362
2745
8982
6525
8011
7283
4125
6819
1866
3305
5829
1967
9859
561
5784
8651
3546
9697
5539
2069
3190
3589
5099
1506
7802
1667
5818
3757
856
2762
6598
5814
9571
7723
2880
8994
3674
1040
1888
8596
5599
2515
8807
2831
9775
8063
5388
621
9513
8126
5048
7542
108
9885
9183
4821
7389
41
1635
7770
5460
1801
9180
1830
1923
5416
9773
1325
5071
2472
9371
786
142
7716
8451
9497
6750
3544
9521
4563
8484
9686
659
4501
9392
2754
6245
8244
6776
9272
1366
5771
2855
6041
9954
1694
9446
3023
6048
3689
2678
9008
7333
8748
4002
8002
1512
168
4227
5188
8052
3029
6874
5625
2398
1192
6668
5792
4360
8997
3050
3175
4728
4243
2609
704
5134
3052
7153
3101
8278
8614
2834
5801
3984
8664
2609
7696
4740
5590
8686
1157
9894
6361
1218
9785
6244
6336
9378
1605
9692
8956
8745
9381
1399
8598
8481
8598
3945
3041
1496
4637
3038
2174
3354
7116
7492
2351
2194
6828
1922
5685
8126
6935
5347
7108
6080
4828
2555
1271
372
7528
4921
9809
536
9120
6667
894
5673
8057
9693
2097
8819
4141
1154
6972
5419
7483
3653
5363
5019
4105
2463
3609
2995
3541
5310
8936
5855
3651
1185
6493
6698
3198
1062
178
4996
9516
3439
1470
2887
4729
9909
1789
3781
666
7660
4825
5596
5441
6367
4214
4310
6856
6528
5569
6068
2047
3393
3816
9144
2404
9363
5858
5897
8130
7315
4413
8371
4800
7736
7730
3784
8746
8460
4723
9415
9724
9418
173
801
5126
5220
8755
1282
6840
8682
2991
8443
8360
4897
168
5250
4292
5355
4579
3513
7295
9025
854
8073
786
5115
1011
3954
9352
7364
7822
3188
574
1663
9290
9163
8220
7610
7005
832
8480
5472
1555
9308
5601
164
1602
3817
1729
4931
2944
9933
4508
5024
9611
5021
7094
9195
9022
3612
1592
5099
3740
9869
7658
9670
3446
2241
8244
6828
1579
5515
7191
594
3679
6537
9533
9815
4325
3370
4610
2359
4133
8162
9167
639
7360
9868
8356
8390
4436
5259
412
1467
6470
3843
7679
4166
3172
9042
3075
5383
4146
9527
9952
4572
2767
5417
5907
2703
8382
3246
292
7720
7063
5545
3446
9896
170
8670
1508
2925
5621
5986
6891
7532
7702
3353
6016
3139
9227
623
964
4413
6575
7792
2590
3117
207
428
6048
7323
8559
4092
9279
244
6139
6946
6802
6738
8351
9976
6283
7231
6436
1604
6954
5617
5717
7473
4095
9202
1009
8192
5733
2238
5762
6418
9426
3481
647
451
8095
1107
7657
3623
2101
5439
1133
1445
9362
7465
2738
7765
3875
6299
5271
8226
1405
3077
2770
5964
4528
4229
5934
1323
6848
7129
4710
2816
6272
1200
1679
9600
2130
8403
9799
1651
1969
4597
3142
2517
3730
2865
810
2013
8102
6247
5753
8255
2397
9369
3307
7240
8245
4300
740
4976
9730
3295
3671
5408
1124
1498
2950
8845
2414
424
8150
443
4881
2949
8607
8432
5807
4223
4080
9416
1489
7420
9438
9918
6864
7769
9569
4604
3547
9993
4280
1210
7921
3510
3206
8291
5185
2553
6835
2316
4568
9407
2385
6877
140
4052
1420
5462
1619
5192
1070
314
4995
7254
5540
9516
4910
3456
2292
2355
303
6036
2416
910
9403
419
6425
8049
8232
4678
4185
5277
6186
5121
6282
6063
9098
1058
7828
2903
2982
2510
6634
7610
588
6148
6050
2288
5317
5917
299
4635
5217
9384
150
5318
8522
6423
2879
6270
4767
6979
7890
8108
4740
3971
2740
7223
9461
7582
6634
6139
1712
8312
6652
9914
870
9599
984
3679
9583
4167
6069
3165
2435
9069
4376
5893
131
6734
7184
6203
2220
8835
8339
2357
3765
8665
6270
795
8080
8588
4604
1418
401
545
6991
3586
9363
7835
9096
9673
9510
644
6055
2632
8328
3854
6235
1590
1808
6529
4835
3947
8873
7001
5527
2853
7183
1863
3957
3354
1262
1377
7280
507
3127
9505
3590
2591
3733
2597
8471
8643
3792
9773
1675
836
5435
9250
5856
361
8651
2133
5518
3039
3819
163
1832
5721
7844
8372
236
8895
2426
3494
5375
7038
8808
7707
7802
5430
5094
5979
3156
8478
9018
4590
6915
6774
4459
1821
9003
2695
8592
5504
7596
4169
6107
6070
873
3899
9343
7531
5072
8342
6373
6722
2366
914
1098
2777
3854
8025
7150
9505
2629
2135
3533
5620
4024
9232
3020
6868
7968
9142
5227
5620
1492
8597
8151
443
495
2036
6081
112
2281
8068
6633
2495
6084
7275
1040
1698
3769
5973
3070
7666
8863
6001
5967
564
9441
2703
2748
988
3920
7423
3346
832
5337
8478
3138
7012
1299
6017
1622
1308
1744
1783
1651
9331
3992
983
2579
3735
1809
9712
8856
7664
596
2855
8244
5648
8220
6137
6830
3194
9434
8794
8124
9299
6625
3992
3399
4438
4139
2556
4376
3324
3255
5501
6314
131
2615
5245
487
5326
5267
380
5073
7176
1077
6731
2189
9284
5301
1070
6953
8567
559
2779
8265
3243
4361
2351
2837
6409
6276
4832
6946
7067
9976
3264
1132
3663
7925
1278
5867
9017
8349
545
1281
3825
284
5714
1379
692
3546
1828
4295
318
9633
3349
7024
5246
3505
8372
157
7026
1960
8219
7605
852
9582
3112
5138
4657
1277
1665
1110
3541
7565
2047
4000
2549
5747
3938
999
5309
2021
4065
8153
6504
2786
8209
1007
1166
9807
6338
2035
9012
3880
4001
6117
6074
2604
7001
8609
9363
9423
9229
3510
1159
3621
1276
4898
9150
2318
6692
7802
5175
3725
3955
8277
9186
2473
2223
5761
7395
6124
551
8065
5244
805
3424
2203
4970
4368
9440
880
383
7348
9707
910
7516
3752
4577
4705
514
2133
750
749
742
3094
479
1906
6524
7346
563
9393
2927
583
7151
4308
5313
6462
5774
8345
2948
8937
5209
1798
761
5536
7305
533
2351
5001
2921
4028
9006
9763
7434
9701
3393
5537
5199
5842
6378
7332
4451
219
3225
4574
8364
1881
8369
3976
6542
3806
7738
261
1483
1698
8272
2145
1366
7997
1430
6799
7660
6677
5173
7497
9542
2290
456
384
4249
926
3760
2402
5951
9088
3143
1467
6820
2158
3111
747
6214
6833
2372
4604
2728
3305
7032
1317
6683
8767
4694
593
608
9191
2708
6404
8442
4089
3113
4148
6297
535
8904
43
7089
1712
3361
4853
2223
7794
687
9025
2827
6053
6258
5172
5974
1555
9645
311
840
7763
3673
4824
5622
107
4559
53
7147
7344
5576
6458
8800
7687
5830
1538
4400
4637
4086
4408
9713
195
4217
6231
6820
7774
2517
3052
2274
7144
2696
3430
9450
4607
539
8636
147
3680
8067
8147
7127
5573
9539
7957
6600
4185
1648
1176
672
657
6570
2002
3334
8206
7800
3749
6022
2974
6914
7758
2991
668
3904
1749
3809
1817
6317
7797
1931
6930
3282
3329
8120
1474
2095
8158
4601
3128
5686
5789
9491
193
9942
2000
4160
4533
5967
3004
563
3
941
5726
5200
9200
3113
2407
3269
7912
7479
2660
9060
8634
86
5697
6251
3455
7814
1708
686
1440
6831
3509
7860
7250
5592
9880
9588
9021
3104
1725
4191
9640
1755
3908
8478
2694
5818
4477
6598
8989
9599
8997
818
3025
8485
4757
710
4623
8490
1046
7608
5401
2583
4985
9325
6202
5389
3607
2698
3320
5284
5226
7179
239
1179
9557
4476
9680
754
2385
8530
5487
9368
1974
5157
9075
6181
3797
9008
7625
1704
2696
9073
1082
4212
8016
9344
8205
6891
7907
747
5370
1710
4116
2821
8464
1466
1698
1960
7486
208
6054
7858
1266
4154
5221
8331
3777
7375
4187
666
2019
6529
6695
354
3565
3908
9712
6156
6610
8214
292
3182
7123
7540
1641
3326
219
9992
2200
9499
6284
4336
4633
8994
2769
474
353
1003
2925
368
4615
8697
4291
1699
903
713
2322
2897
9136
2393
1272
6465
1410
6811
606
4875
3129
2777
2067
9915
3814
4978
5038
4422
5358
8942
8085
1899
234
9314
5803
2426
8984
5445
1852
6357
4324
5709
3932
4742
2467
5436
1094
7267
2101
9616
8203
3130
6028
604
6126
4817
9404
9327
7622
808
4529
9417
1485
8532
8570
3634
6099
9426
9780
5562
3085
4587
7452
8509
2430
4536
7938
7647
8458
4507
9894
8473
5818
1531
3062
88
5076
8386
3979
9995
9302
2668
7641
8817
881
5193
8761
1673
4050
5776
4434
5991
4456
6716
3637
7960
100
7818
6816
2932
5788
5817
7509
3052
8920
1063
6763
2596
1159
7259
7529
9214
1037
1780
2906
1244
7219
6001
9803
1416
9267
2141
2539
2389
4104
4101
299
8996
27
6927
8728
932
2548
7587
4775
2302
8544
1149
9086
4665
7454
9890
1116
6871
4700
9261
8164
8747
2568
3490
3738
9307
3553
3109
7947
7443
5527
1865
8901
3693
9936
5366
5556
5165
1774
5645
3639
1402
2310
9006
2598
2631
8107
7747
3413
5164
3533
4870
1841
9772
9284
9911
7268
4401
5249
2153
3792
7950
6170
5933
3170
3100
1545
7687
6432
4476
1253
8913
4051
7575
2009
624
2491
2719
5658
5293
7070
959
6702
6046
6961
5360
3602
4128
1428
7457
2820
7766
2804
4824
393
9629
3716
6895
6582
6564
637
7623
2262
7297
7356
4662
7592
2764
7083
6446
1182
5672
3679
2438
3802
9485
5914
3328
7214
1398
4179
2525
5414
8997
9973
2668
477
1284
1039
6614
7179
6204
664
4090
8712
4501
3251
9913
3430
3306
7515
1950
1414
9102
1839
4826
3364
9745
7140
757
1191
8468
5812
1633
4418
2784
8735
9089
4285
8461
8580
7580
5728
711
8931
7405
6893
3544
5723
5990
537
101
120
214
5883
7196
3067
6049
319
4743
2527
8027
949
548
7854
3744
8068
6353
4017
4592
4464
4192
5960
8073
1680
9888
3328
1325
6267
9359
3032
4221
5955
7302
418
1781
7170
5587
6957
6113
1097
980
8683
3979
6579
922
6301
2466
2656
9835
7034
2606
4964
7562
7401
9530
9159
5702
5640
8681
9261
7812
5255
8666
7157
8734
5769
6569
3511
9400
1670
368
1573
5502
3614
3574
9269
2934
8139
156
8810
54
7620
7220
6465
7945
2477
1633
7411
814
2258
6493
5826
3156
3868
798
836
4080
6172
4952
7574
6677
9683
2743
9208
967
6829
1073
3548
4988
6634
8963
9311
3010
1851
7708
8980
4698
6150
3620
5873
8539
9450
4021
2151
5136
3344
5263
8774
8102
1621
3608
337
6531
3673
3329
6760
8526
909
8686
8900
3442
3851
2216
8349
4080
3398
9350
5037
9483
7533
9698
6750
8397
7945
3417
7678
9390
7548
2343
9690
2964
7307
6187
5166
7685
1936
7995
959
6921
9015
58
80
6409
437
8467
6921
4948
3996
7870
4246
5235
4762
961
3768
3121
8760
1983
9002
9303
2536
671
1153
9476
3461
3975
198
1307
9540
8537
446
4736
1827
3952
5625
9793
5570
7210
4390
9924
948
4640
6732
1623
9747
3571
635
1454
5700
2170
5154
3421
6534
5435
6373
1577
3695
1456
9243
9835
7755
2788
7190
8964
8141
4253
5745
6535
3241
956
7512
5621
6953
9404
8071
288
2135
4236
8663
8949
3584
4291
3397
6859
3723
8594
6853
9820
1792
9213
4754
7000
1011
5079
5430
5910
6665
8274
8424
2586
537
3039
4424
1060
1125
7743
4574
7251
5867
5357
6269
6078
7869
3313
8731
1214
2561
4270
4495
9009
4733
4591
2621
8686
787
5370
8419
5139
8424
1648
4414
2912
8340
7702
7410
3274
2914
3981
7570
6717
1714
9020
6012
7515
6059
5334
3570
2078
4105
3363
8277
6058
3913
3404
7259
9388
8325
5117
2314
1200
7117
2431
4952
8132
119
7555
9915
1461
138
4995
8150
8830
6666
5642
5156
3374
8788
1082
1092
3728
2265
3474
1561
5000
4246
3527
400
3315
2787
6467
205
1757
9943
5771
2376
3949
3731
994
472
5454
8740
482
479
9418
7458
2369
2739
4331
2203
222
4303
4281
455
9514
2233
3806
2755
3594
9008
7614
7488
2692
1422
879
9466
8323
806
2623
1475
9027
5450
4859
3774
6092
3653
3303
4674
3783
1124
6473
9913
549
7303
5834
5547
4980
991
1565
8362
4837
6103
3061
6080
3676
5178
6272
6010
1441
9877
4334
7217
3933
9749
4982
1329
9376
1988
2762
476
1962
6270
8190
6855
6948
9991
358
8410
8069
5452
257
6610
6271
5792
4202
8978
1600
5706
2028
8991
929
5706
3737
3107
5464
6457
429
5296
8474
5211
3873
4700
9019
2495
8353
6074
9821
875
3715
602
8366
1555
6613
4967
3135
4575
505
4557
8938
1350
1303
7825
6347
4849
3033
6525
7404
7628
1519
7731
9683
9450
5313
2787
3540
447
2599
8009
950
2838
5257
3916
4544
584
9425
3514
3914
3202
2682
6541
9486
4956
8745
3720
7654
2109
4746
4354
9477
6888
9493
1699
822
9757
6834
2633
6151
1137
5166
729
8035
1516
9469
5265
344
6772
4974
9501
9548
4088
4874
3452
7841
5414
1691
2637
7167
3788
418
4816
1153
3706
1626
4110
7312
5813
4795
5044
7741
3080
4190
2823
7704
6838
1996
1999
6150
6926
4501
3401
4867
5109
7574
7534
9907
5609
8775
7038
3495
8670
5061
1975
2235
3804
3030
9416
6056
5220
558
3798
7144
1462
2577
5694
1026
8598
4720
1596
1995
1713
4618
6045
6191
6553
7500
9074
146
2397
9443
9233
2313
6702
8503
773
174
5940
5261
4967
2673
5425
2455
729
9897
9151
2915
7581
958
7634
3122
5665
9662
7246
801
8676
7386
9759
1845
8086
7978
4377
5841
3372
8306
3650
4471
6684
2028
834
1346
7270
7941
779
9798
2903
9047
4862
8774
348
214
8773
1822
3959
3108
9416
1364
8812
2095
3701
8933
9242
9612
2067
639
7691
1766
6375
1339
111
5100
8423
7583
4790
6684
7548
4235
2148
4855
1636
7975
1345
3715
51
3805
399
3978
5522
5348
6258
1565
6391
7327
4850
8549
9170
9212
7368
3248
5820
2540
668
3513
7747
8391
512
1824
4784
7829
5441
1041
1522
7028
9165
5268
555
4638
4615
6486
8170
2273
527
7625
8797
7284
96
3250
2479
8239
5293
5577
4832
1770
8908
2526
7327
4501
4795
5342
3023
2420
1216
1648
3521
4273
4006
9326
6977
4173
5886
3233
8442
1711
5650
8371
717
8096
6288
1131
6652
8421
689
4132
9921
2106
5011
5350
8591
6590
8376
7056
9186
9023
524
4548
4670
4087
9484
1259
7382
1750
7961
8021
8233
2719
8468
3935
8146
6704
921
9907
1747
1254
6089
2492
5402
1221
8846
5944
8010
4686
2624
5680
1363
9320
4909
4639
8145
1487
293
196
4845
880
8682
1474
2480
9655
5317
4839
2111
9593
6668
7772
7779
8801
7532
2868
5649
6068
7666
5954
5690
2082
4192
7109
7748
622
4966
5631
6463
6230
9691
9078
1703
7184
8180
4138
6887
1731
182
3927
2386
9174
5021
9016
5403
3931
1625
6448
1156
4274
3765
6734
1596
7590
3301
1682
7517
9970
8711
7202
2616
4033
1758
5589
9241
4254
1138
3472
4305
5280
162
3397
9455
830
8796
650
9868
4799
5246
5897
7053
679
1471
4951
2701
2848
909
5838
6063
9821
4714
5015
6166
7021
2269
7136
1077
3657
4063
6938
5790
8344
4791
2186
5901
7893
6545
3670
8870
6606
1012
1980
2283
3317
9105
3628
9506
2795
4663
6147
6398
2166
5470
1669
3263
5022
967
4109
3764
9723
7236
8045
5926
1346
5878
9739
4350
2985
7461
2778
6178
5221
8055
9491
7673
4232
7033
9898
2203
203
8035
571
7186
7282
4853
552
3903
6911
7215
3903
5717
5419
3141
2201
9581
2175
8734
4004
8477
2896
4075
445
7681
6337
5174
7287
2431
3044
9410
634
4046
4100
2006
3678
4316
4868
8537
1874
8906
8051
7274
7099
503
5362
7453
3623
5318
1091
2592
3114
5349
9841
7027
220
4092
4477
6615
5118
9623
4605
8753
9138
6812
6137
208
8096
4675
4458
3101
9805
2458
119
2808
2084
8242
4658
268
1784
1340
7640
8829
7125
9210
1034
764
6172
1393
74
8175
5469
1368
4112
7784
1688
3785
8214
7109
6486
1820
3542
2239
8543
4037
6698
1179
8781
145
1647
3874
4070
9110
5222
4706
1622
6315
7137
1332
4526
7863
2489
4300
3359
5009
9105
2011
9982
4132
4099
6685
5253
2417
7751
6220
7321
5096
5825
1287
4379
176
6265
9112
6350
1341
9929
3480
3563
3789
425
467
6835
9885
5117
8788
4852
8017
6780
1845
1331
7898
8299
6092
4725
3092
3198
1972
9155
8803
7562
1685
2240
6993
4322
7519
4045
7604
305
7266
3240
5460
3507
2248
9979
1255
6059
720
4861
2548
9304
9722
6240
2175
3848
2760
2086
5394
8745
8943
9215
751
7397
7444
5096
9257
9410
2299
483
5288
2501
2643
8591
3347
5972
7255
1347
4191
4111
5406
5211
7252
299
4428
6273
6666
7308
5031
3120
8920
4603
9349
2715
3613
1654
6176
9372
9785
5287
4688
2377
5558
5204
1683
1707
6191
3133
1290
6353
8401
9766
1748
9439
384
7676
2617
5390
8385
3090
4594
202
288
1884
3940
6645
870
4923
6125
5530
9857
5843
3767
3203
6424
2130
2918
895
940
6554
4892
891
7133
1493
7857
5686
2254
9005
9431
6590
1795
2152
5186
2753
4600
341
7680
9739
979
9958
3106
7755
6597
8826
6673
1049
674
33
9299
5517
9113
998
85
4583
1528
9557
6228
3873
3781
2144
9340
4399
5590
9344
4919
9038
6292
1029
6555
9414
2680
4658
6012
3153
7814
4042
9298
2302
707
3541
3284
1763
4431
4059
9901
889
5607
6528
574
2087
1497
1344
1
7435
2895
1785
8949
6623
2814
7394
6751
7318
6785
6604
9036
9365
7972
1152
22
4304
7961
5294
8094
2729
4232
1395
1898
5037
9117
1101
8827
8736
6995
7660
3055
5440
1806
9661
4382
3934
1721
3669
8681
7966
9086
1951
5173
5756
6592
5323
75
5160
8849
4691
1932
8041
3959
3426
1011
9528
4753
7199
6070
6573
2265
9740
6579
7590
6398
5923
4759
9745
7211
6627
4120
6079
3565
5240
9132
3501
9012
3909
7723
7793
9168
6396
3852
4842
6381
53
7132
8214
6028
2341
5836
6845
4726
5685
8353
9533
227
1745
8712
1149
6757
8366
9395
5027
3644
2266
6799
525
4219
4346
4131
4347
5139
4952
2249
1045
7335
4268
131
1248
6448
3313
604
4517
7152
7631
1471
2186
2474
857
2541
8343
2371
5314
2298
8539
1223
2928
2936
5036
7887
1013
4097
6517
5685
3047
3360
4629
606
7291
4257
519
9417
8904
4510
1981
9875
9065
4626
9405
5552
2003
7412
8192
1136
1651
3567
4568
3283
5512
5658
141
1733
3996
2127
576
6574
6259
8241
4027
4921
2967
6368
2694
5491
1527
5668
3249
5211
9096
1718
1599
7305
4930
2044
7778
6280
2047
8525
7599
9740
415
4345
7589
656
1785
519
7012
4126
9066
3313
4298
6768
6357
4114
7250
4086
8141
9274
7093
8134
514
7301
1734
9693
7002
2181
1688
5261
1367
9052
698
975
2147
5047
1433
9910
3617
1350
895
7833
5187
9671
4361
7561
378
1544
1224
9283
5221
5347
5042
4582
1630
314
6023
5316
5030
4859
4487
2572
4741
1330
3503
5348
3212
9126
1236
7434
5684
114
4406
2920
208
7409
8066
6475
6520
3393
2841
8922
2126
9622
2879
8483
7993
947
5542
6063
6224
2061
3550
3930
9841
7577
9700
1392
746
2812
3331
3790
9624
614
9425
8535
9740
4326
8375
4093
8846
5158
8378
3729
1727
3169
2522
3872
106
8692
1784
8079
3544
9852
3163
6370
6488
1431
1697
5901
9387
5753
7343
8783
134
926
9318
6512
7418
1677
6794
7794
9046
223
6730
8769
732
5901
3615
468
7826
7839
1828
22
3756
5552
6906
2361
8637
3145
5664
8773
5977
3389
9272
5517
7818
3015
1322
9759
7375
5856
6610
4567
6872
4223
1357
4063
5376
4617
1445
1926
7087
5310
1718
1291
9805
6942
7883
5747
6674
5425
1267
6863
9925
6728
9466
1194
8026
1908
6866
6680
1934
4424
3888
1245
8381
8071
6831
606
7207
7470
3094
2844
4612
3562
7050
7235
170
5234
4723
912
9196
2065
2382
143
5531
7661
3554
136
1470
679
9918
537
4456
4995
1334
5298
6195
3272
4027
940
534
2332
338
6148
5850
8011
3484
5281
2897
7251
9129
4683
9669
2415
1587
5368
2509
7906
1461
6237
7251
5781
5731
424
5964
9676
2018
1639
9166
6039
6338
4941
4172
715
8623
6968
7859
1513
4005
717
1936
3594
7176
7903
121
3525
6914
5411
7707
5705
1551
3642
2366
9948
3847
631
4118
1086
3766
5149
754
2150
3782
4777
2702
2810
6828
7708
7891
4146
8571
2709
9248
8006
5785
5144
4912
4245
3502
2191
1824
9578
7978
4118
6692
6507
9029
764
3891
3088
2358
7284
1796
3761
4876
9497
8544
2893
9946
938
7534
3218
6014
9271
6708
5990
2035
5830
9860
9233
5608
3145
6734
9842
1051
4690
5545
1068
4205
3544
6523
7976
8273
6963
379
6621
8581
7998
1026
4084
6983
9601
6750
1149
8540
7227
9189
4893
4585
1650
4139
457
2285
5776
6354
3922
5758
5410
1460
1110
5993
9661
3090
3145
8692
6777
5388
8983
2902
2885
690
5128
9223
5196
3878
1939
4975
7813
905
5809
4437
1928
4116
2836
7421
5735
3949
8934
5502
2145
1222
175
3676
9624
7830
658
1351
7776
23
8656
3159
2067
6886
4419
6544
6662
6119
3115
6303
2836
8389
7476
9371
2116
1635
8000
5047
5185
6810
3825
1800
2737
2376
6141
5711
5089
7484
9960
8606
8417
1460
313
557
1678
2814
6641
9084
2890
9104
7136
2217
7624
7024
1243
1166
3344
5404
3260
3627
7081
7986
3486
9731
5023
6037
8156
3402
2914
8961
2298
7243
4151
7806
5814
2238
7506
3826
7902
3813
5233
5989
3325
274
6883
5380
4896
8691
7949
472
2106
3176
9322
544
2651
5328
6398
3094
3733
382
16
8621
2954
4120
5516
3978
2316
6110
1531
7020
4932
2446
2769
3185
1489
9050
8385
2001
46
9663
5657
3303
4632
9209
8711
4173
7522
767
1040
864
9831
8410
6328
1538
8076
7653
4914
5471
4231
4400
7118
7145
1669
9519
6806
3345
1421
3245
9376
6682
2133
4913
4209
9021
8976
5424
1686
4531
9608
3574
7641
8169
2137
8205
7259
9920
6364
5904
1244
1872
5206
7297
544
6567
9098
1277
724
602
7740
6920
4449
502
7997
8188
8043
6952
1337
9344
9647
786
124
6509
1916
3709
3805
361
4636
174
2471
8772
9486
3439
2568
3762
2340
724
561
3673
4058
7000
5059
8944
4449
7366
3298
6820
6557
1012
3069
5891
9464
3289
6833
5954
4959
8245
2174
1807
3476
5911
128
7995
4391
7852
4071
3958
1637
3763
808
4355
2400
8987
899
9664
511
4872
1157
5012
3004
9187
7035
8500
7309
6097
718
5883
4154
9417
1642
8277
2002
3157
2818
1817
7456
1522
8261
2941
1211
1600
5593
2342
2436
8248
878
4381
3635
1801
8884
2723
2446
603
757
2516
2673
4078
7274
606
73
2652
8463
5321
3849
2478
7134
921
7666
5861
5490
9138
3558
2746
7865
6332
2687
129
5321
9432
5832
2176
9793
6291
7940
8633
6744
7447
3206
19
2999
4949
4931
6911
3191
9037
977
7437
9547
6332
8135
8504
5201
8337
2500
3663
9167
863
9040
6729
5994
1489
9684
8446
8849
5817
1434
1800
5187
3937
3583
6147
660
9654
8914
3166
5449
8548
7702
3519
7797
2760
3137
493
9718
4158
3293
4820
7797
7646
3851
4905
5044
6160
4371
2276
2718
1875
8654
3350
3852
2390
331
52
2486
9964
6043
7341
6485
2158
532
7137
73
9060
6885
811
5256
4536
4432
1235
5178
953
2300
4940
8812
9468
6089
5414
6751
1118
4968
2124
8125
6776
616
2051
3449
1816
6453
7380
9003
511
8414
7160
2741
5788
8548
8523
4267
296
8145
770
129
1563
9252
4401
4886
3868
7175
5741
5547
7386
1765
1837
8241
9610
9460
6925
5204
3946
7721
6116
7184
4116
3015
8375
614
2869
2912
2939
6231
6830
5158
900
3832
4641
487
3688
2336
2363
6525
6794
5776
4968
7909
1226
5345
4600
6061
6351
1870
5070
3134
6516
8872
156
5268
9343
7253
321
6612
7801
8608
1703
8649
1005
17
6830
7437
3602
8205
3256
8926
5955
3941
1672
5457
4943
7583
3471
3360
3908
6972
3455
6398
1524
9473
9449
5791
7937
2955
590
5802
2845
9768
4719
2473
761
8989
6341
8636
1720
7918
4633
5434
5537
2520
7586
8296
8918
7284
8200
7283
1612
4585
4347
3848
7057
2560
4322
7337
3043
6599
3745
4597
9449
8223
3063
4229
1251
398
2222
2186
230
7763
3951
4248
2400
2492
9062
1576
3475
558
7871
1574
2231
8504
3789
2283
4524
9172
1037
2467
1174
7539
1657
9402
5461
7904
5904
5207
2256
2513
2136
8878
2502
7536
4488
2773
698
5697
1623
5419
9527
4826
7080
2698
3374
2378
1945
8772
2408
6661
1676
7848
1749
3832
222
1121
2419
985
1715
809
3230
9403
2931
4073
618
985
8903
8931
6768
8782
1226
3771
6006
3523
2216
4804
4505
1741
6580
1360
7390
6047
1654
5462
6362
110
8156
9715
844
1227
270
9511
789
291
6430
513
7661
6714
5048
9877
9267
6957
6407
2377
8654
9399
2216
5030
2061
5884
2778
7003
1234
9662
2469
9802
8886
1424
966
5222
2307
2757
735
8108
6550
5172
5083
8468
4319
1409
4207
7098
6891
1497
2463
9261
8181
5983
1495
3321
4708
2813
8953
8619
353
5226
5699
2830
8164
529
2891
8640
5391
2329
497
2308
9542
133
2422
7936
4975
2648
1479
4986
5131
4746
8333
4780
8152
8220
860
300
2429
5333
6787
9723
1715
9449
4792
2967
315
156
1760
5644
4335
8435
834
1036
9823
1680
7027
3827
3473
2347
7208
5583
4083
397
5289
3418
2260
6036
829
9924
1602
6983
2893
2293
6599
8620
8173
6106
3574
4456
7033
887
1057
7914
9611
4571
8320
8109
4980
9569
6583
5585
5138
4913
5871
979
951
1606
1117
680
3734
9659
4270
4196
3877
9912
7141
8201
4386
7266
2254
4343
2397
9964
6242
9380
8029
6951
7197
8019
6587
5353
6470
2884
345
1069
2205
3645
3731
5442
6735
4131
2541
1903
8533
6020
547
3567
4
7783
9537
1219
5734
7151
2385
4277
1608
3944
260
6986
5641
3923
744
426
7032
8041
6793
2887
1761
9989
2219
3906
5344
6287
6575
6998
2248
3212
1401
4652
113
4470
7202
7210
5917
906
9241
813
8100
4097
2403
2495
7529
1954
3366
9354
6307
2722
2167
5878
4993
576
8434
6280
3908
8412
1894
5577
2203
5142
9572
5870
292
2707
4064
548
4202
8927
5734
5572
8731
6009
5987
6393
3784
5677
8527
2804
8911
9382
5329
5546
432
4065
7738
1071
5078
11
4191
377
8040
7949
5818
7596
6119
4155
1103
647
9694
5838
1704
8912
3987
2705
8903
8815
5191
2426
7337
5103
7989
1847
3540
7303
3403
2433
6298
261
2006
2098
8206
6340
3129
7687
989
5571
2475
3617
9709
508
4620
4687
1307
4469
5996
7478
5931
6035
5319
2557
7715
8707
7342
193
8086
5262
6929
3984
9289
2241
5376
3544
7816
1768
3476
6697
2934
1549
2668
9676
3751
4923
5677
6938
2018
1948
363
5858
8475
1472
4909
3554
4316
8109
6006
8078
2561
6875
5087
6827
8025
3453
1102
894
6878
9933
6344
4351
5399
4252
6617
3547
1248
2041
3600
8021
8106
420
6252
1441
8639
7712
8802
7909
5214
3174
6259
589
7690
9039
8941
4183
6436
9096
7255
9206
8005
6436
6885
4622
3591
5480
61
1241
9539
7797
1955
4987
1082
9354
4067
5878
9103
4531
8996
2175
1505
6885
2340
9546
6401
2480
8976
1863
2149
2475
9721
6586
7562
191
9026
8754
7050
2429
7368
749
4369
6900
8562
5833
1348
2353
6013
178
4259
3683
8634
6744
2562
9640
5252
2152
7733
6247
4065
8816
2963
9213
2005
3963
3611
7895
6472
1526
8051
2092
1114
9130
9175
7816
5806
8815
6403
2672
1373
245
811
5729
833
6867
7385
5059
729
752
116
9621
4076
6559
3668
3866
1695
9629
8228
3436
7551
4854
4086
7811
3616
1104
8957
7420
445
6590
6362
2858
6373
5276
9087
2528
1353
6655
7894
5499
8678
3310
686
108
4903
3605
9841
6087
703
3243
8038
1454
4203
9079
2498
9083
9420
628
5634
5934
9461
1694
5637
9632
1983
4434
8594
1060
4768
2644
7571
7085
3955
3279
2884
529
3770
3714
6417
8222
7304
366
9565
4509
7555
7280
4633
165
2618
7481
6425
945
4613
4226
2354
7048
539
3814
6056
9308
2480
5648
184
8922
9421
7170
7426
5496
3968
9114
1608
6830
671
4173
718
3115
3758
9021
9423
1867
1344
697
7631
7977
993
1052
9625
4487
2279
8321
530
7696
9865
6798
7397
9267
1334
4843
7463
191
6838
3899
2053
5569
5926
8708
4276
4060
9678
3094
1068
5195
6049
4770
560
5054
3880
8251
5185
8318
4944
1123
3595
4624
7966
211
3545
1923
3204
5494
3879
7512
381
8034
5531
9426
7399
5638
4856
1073
7096
1896
4604
1612
629
4350
1695
6465
1072
9994
4296
9693
9093
5926
5116
7369
4577
2991
6659
7403
8723
4099
3054
756
85
4748
5080
2062
3151
8943
6963
1956
2578
1123
5631
4878
2950
1832
8025
1536
4611
2006
5645
5828
8169
5536
2940
2126
8591
8304
8697
5552
4290
5562
7781
5434
5094
1357
9929
8561
6729
2531
3559
3624
5339
9126
3012
619
2914
814
6072
2416
1455
5815
7847
2751
5910
3065
9623
7389
2156
4515
862
5618
2745
4641
1290
3494
997
7089
113
7328
7934
9188
2027
9610
9877
2525
3256
1215
9598
5802
1252
2366
2388
7270
4697
2103
4027
7584
6367
5398
5666
3641
5703
7879
5742
443
3258
3456
5477
7852
3774
164
3986
4338
4677
4245
9112
2172
3655
2478
3027
3870
1037
8321
928
9536
9288
7645
4953
5945
8061
2861
8107
1788
3209
7356
5265
7851
7627
8864
2489
7414
5863
1552
2814
6538
8263
7593
7623
1021
3836
4345
8427
1626
4610
1480
1393
2331
4941
8164
6414
7509
8711
2945
2589
7040
4413
7074
5607
9274
66
8803
8078
9627
5092
4468
996
6629
1858
7912
7670
1566
171
2426
6841
9113
8767
8687
5173
4241
3217
5644
7860
3398
5694
5867
1111
9591
518
6568
3554
4814
2046
5735
625
929
1714
8209
6835
8826
3360
9457
8515
8969
8464
4970
426
6673
4306
7446
6080
5296
5254
2707
6495
6488
1049
6121
9923
3255
4417
6858
3694
456
2355
7389
9170
4616
1036
434
6297
8883
3335
249
5179
972
5707
5241
2123
9992
342
8231
5086
8712
4592
7934
5464
9493
935
785
214
8170
1135
7960
5494
5361
4082
6426
2116
7531
1862
1546
507
8647
5717
4673
4725
6827
1639
7091
7396
1841
4891
3909
4929
967
1140
5813
2473
8978
334
1937
391
8616
4153
2451
8673
6730
4789
7832
7227
5315
1471
8241
2620
8035
529
9093
1083
9296
5549
9965
8385
3373
8463
1346
5445
3737
3616
9588
1438
1487
581
8701
8237
5683
2593
247
8323
6360
3825
3523
1217
3084
3734
9797
50
9966
6057
149
1529
8920
7133
864
6847
2520
4571
6231
4028
7210
5292
9704
5321
2749
203
1508
3387
8610
7065
6859
5138
6065
3856
5870
2793
7432
8052
8057
1869
5414
8409
162
7825
9436
1624
8134
4512
78
7673
9393
6569
3360
1918
9820
5168
3124
1017
2054
3355
5105
140
6746
2927
146
5339
4748
2869
5024
8146
6097
7464
7546
8950
2141
8785
6124
5241
6167
2711
1784
1757
4528
2717
8493
5393
9114
9961
258
9262
8356
2404
1107
3462
1327
1125
6582
6053
7697
2407
6698
3256
2901
1240
6303
4160
4089
7674
6282
4158
686
4510
2880
6544
2091
3123
5897
9235
2944
8832
5688
3534
8403
6708
9576
2569
112
206
8657
9027
6849
5593
9760
7662
3961
8836
884
4961
2160
7119
3395
7257
61
3898
824
2833
4233
1891
9812
7961
3908
8316
248
9984
7010
4506
5919
1588
3258
3186
40
8107
9759
7963
4596
3764
7663
687
9427
5028
1161
1479
3012
6754
7309
5184
3638
5564
4431
1943
4960
3025
3907
5068
3771
8867
7507
6949
9399
7972
7671
6246
8933
6635
4286
8787
3033
2358
3385
3510
176
2364
3991
2977
1770
9157
9496
6123
1085
9166
4781
5955
4073
4111
1515
6797
9822
2475
1215
5723
4419
5598
7968
4244
792
4010
3841
5325
7447
7712
3986
1328
2055
5992
9509
4682
9414
5240
8281
7471
7169
3768
8331
9225
1553
9741
5365
6020
2377
1284
8675
5111
6951
7415
9263
4661
9309
4049
8799
6087
8026
9143
2210
836
6105
2305
7405
5932
1071
8315
4280
5262
7675
5077
7442
7308
8786
4841
9563
9328
3124
6430
7296
8439
8937
608
3452
1830
8686
3325
9
1650
7735
2177
4260
7354
7325
2769
1922
7966
4929
3627
9514
5077
3441
8360
5153
4666
8706
3307
7925
5643
6205
2806
6795
2237
3114
3771
2094
2626
1062
3384
9290
3321
5149
2333
5178
2443
8005
5959
3988
4463
976
1305
9664
7048
7399
1427
48
983
7387
6571
239
9745
5004
2551
3875
9557
9837
6846
8682
5671
5524
3886
6895
9452
6040
5692
4550
1207
5811
4193
4873
9345
134
4283
6642
2543
6431
843
4223
8055
2822
1219
5482
8748
3843
4296
427
4496
2530
2970
2687
3004
4548
805
4230
4227
4400
8577
8961
1863
5205
3558
4970
3279
1699
8170
8880
1045
4475
4640
1911
4393
2826
2779
1770
1999
5819
7709
478
135
1608
3606
8184
7647
2798
3925
6191
4653
1783
9170
5341
5388
2768
9061
5013
2993
88
8812
1990
459
8634
2281
9005
7603
3479
9550
6232
8194
5962
6617
2572
508
7000
8358
7581
1336
7811
3880
1848
9585
4639
6673
169
9577
5210
5802
3830
917
4311
5628
9657
8829
1790
3711
5633
5647
2710
6288
1728
8825
8482
5406
4815
2028
2835
7736
1429
2390
5792
2870
3671
1828
9894
6531
5608
7371
5847
685
4656
7705
3993
638
1820
4456
2575
3180
7158
6856
8679
5595
3872
2416
5458
2217
5760
4223
6891
8971
3994
1684
1226
7333
301
5166
7293
8091
2109
7090
6660
5067
1078
1785
6324
9758
418
4461
106
6509
1979
8200
8589
9720
4736
3718
9598
2052
6636
9542
5863
7772
1850
5921
6655
8059
3898
9853
2395
7700
5953
1261
3078
3827
3171
3374
1292
7898
6216
7178
9285
1392
4117
6193
7253
2740
7385
1499
4421
635
3589
5212
9961
4007
397
8311
1329
2897
1337
3571
1943
84
4438
594
1485
5571
1039
6218
4539
2230
1336
8600
8345
8521
2996
3501
3514
9492
223
8692
7339
4442
4104
8982
9867
7375
161
3393
3794
8610
4371
7430
4384
7830
1517
2574
2455
7393
5875
5959
402
8103
819
9998
5970
7360
9709
9738
5845
9920
1572
6321
7826
4220
7887
2814
658
9333
5954
7047
5559
9589
3255
8050
5059
8608
5882
4488
3016
2055
248
9705
3377
1542
5737
6630
7727
217
3021
8109
7582
5722
7640
5796
7392
5571
7774
7997
7323
2990
1962
2451
77
3630
4899
5569
4724
3077
7323
4948
8584
8101
3838
817
9943
1862
80
88
6723
4545
9348
9728
6453
5517
980
7320
1477
136
5117
6289
882
3131
8416
1740
873
6239
138
6247
1225
7019
5908
6981
4942
6769
7608
104
1145
3100
4258
7534
3665
4622
9334
7390
3337
8293
5277
5977
2749
979
281
5437
1511
1561
2579
9060
1765
5667
6386
4638
5994
502
8490
5416
9635
288
9070
5151
1152
3410
4981
8874
5436
2590
3986
9318
1738
5792
8573
3760
119
742
9509
2664
4398
1686
271
2151
4536
9119
1994
641
3462
8335
9329
7177
7997
4821
4280
3680
3914
1858
9256
4475
3389
421
2447
2448
935
3834
9726
3278
4781
1222
2638
6180
521
2486
5225
3034
7800
7531
5462
2497
5524
2238
8597
2800
9704
198
4640
3055
2180
3237
8823
1720
8125
8498
1641
1118
4322
7793
8674
8871
762
1624
9024
6431
5262
5739
1337
355
6317
5420
8088
3232
8764
5729
5373
4953
9774
4440
2228
1989
5064
4758
4103
6573
8034
2621
7418
1989
783
9540
8847
9252
3199
8886
8989
5110
8012
4371
7686
5758
1760
571
3282
4702
6841
4435
8268
7253
6024
6692
1239
3343
9684
4402
5620
6617
5329
9715
1311
2389
4085
9863
7061
7270
8604
2495
2590
8624
3927
4795
2570
7377
5651
9836
4250
3551
864
7211
8791
9632
7582
9749
9073
7458
4909
7396
2265
8498
261
7066
5644
6214
5451
3003
3204
896
439
5539
3626
639
9028
9811
7343
2293
2128
9688
4833
1639
7080
7402
109
2695
728
3702
7859
2028
3969
1239
6731
7304
8519
3031
8120
1221
8960
5259
7742
1418
3263
9475
9304
4292
3039
8922
3587
1241
1920
1627
5494
2259
1617
9741
1929
5294
9753
869
658
805
8952
8176
2629
2165
7977
4812
6386
3771
6882
4956
9166
3907
2846
6188
8660
2175
3201
5792
885
2526
5896
4434
8714
6276
4079
9922
1945
1804
155
6259
6343
1200
2122
2089
8945
9821
1723
2844
462
6990
284
9444
1581
7959
8024
7474
3169
2636
9327
8947
3018
6838
4963
5865
2902
6179
4533
1827
1434
1862
7990
4000
1219
457
9527
2554
4386
8978
188
9526
6848
9740
3596
807
9817
596
6944
2116
7639
8439
7612
7517
9779
4794
8397
526
3735
1032
1910
8639
4962
5688
5158
6096
426
7663
2600
2715
1016
4652
5682
3754
2219
8630
9438
4246
9840
9522
2927
3899
1063
6356
545
1909
4154
4847
8242
4887
579
855
9306
345
2154
3914
3219
640
8617
6696
1291
8727
2837
5479
1845
9184
2350
5452
5558
7071
635
1107
1748
906
6625
44
4436
4270
3275
304
2044
205
3437
1551
7963
8746
4021
8205
859
7149
1586
417
6400
4455
8151
4011
4058
2429
6086
3978
6821
669
8368
1775
5063
7389
1770
9442
9723
2782
5899
9543
7087
3757
1857
7523
7897
8634
7599
9798
6967
8118
749
9911
7385
7061
6061
444
6375
4317
6536
3655
215
4065
934
3401
8487
6085
652
4007
12
4213
3240
2261
5356
1172
187
2732
8322
8525
1063
3436
1283
9785
9921
7520
8766
7626
7846
2070
7149
9704
7898
9928
6576
254
4646
6473
5844
9489
3153
190
164
573
2336
2304
2208
9905
498
972
5515
4757
9952
4307
516
4955
4207
4744
7478
6626
6438
3628
1481
619
6048
3104
8413
2160
3978
7047
3107
1695
7041
855
4951
1146
4376
533
5764
3398
1554
8571
6275
6391
7259
1334
7307
3273
9712
7190
24
5712
7404
9328
5502
377
6264
2980
4801
1062
6068
8792
4756
5135
4837
2898
9191
3674
4289
405
9282
3305
1332
2407
5607
6332
7211
9241
212
3834
9473
3845
3318
1811
3315
4673
3910
426
6915
6938
9317
5889
3874
1884
7742
4306
5519
2043
4782
6841
6424
9074
3966
7371
9899
7010
5858
5299
2601
8304
4610
3471
7000
5
5762
1510
2050
7223
6808
1489
9927
5218
3099
7188
241
8150
2160
8445
2170
6077
7301
4895
764
8087
9873
9802
8447
5850
7341
1100
8074
4677
7086
4859
2934
8503
7113
7342
6837
5163
8791
2792
7961
4814
535
2352
8486
1672
4097
9855
3344
8396
5550
5500
4478
8433
1682
2220
2444
7233
2120
3715
6193
9857
7732
7951
5702
15
3443
9720
8229
7139
7339
2818
9560
2849
7567
2799
5316
4681
5146
9670
8510
7610
9681
9289
2264
2153
7983
9131
8627
5305
5228
9894
3729
5051
7377
2007
8291
1386
9131
5331
461
4383
2151
3508
5893
2877
444
1906
7327
3992
9821
6329
3749
6682
2009
3423
3131
2474
7050
2443
1896
5972
1615
7664
412
6406
8969
6738
3143
6503
7102
8125
5990
1556
922
2915
1493
4445
807
3290
9049
6605
2271
3482
7720
8039
2303
8656
9490
1470
1832
1253
7552
9152
9336
4240
6999
6974
1167
7644
9003
3322
3964
2175
9202
5700
1016
5457
4858
759
7682
8631
8210
2829
8801
2566
5360
5988
3370
9932
5003
1891
5206
3398
2184
4223
9974
5453
5103
8189
509
1437
7757
3148
3498
1117
1211
8997
3511
3908
1739
2958
2058
7038
5208
701
5
1303
4156
1961
797
47
8734
8239
8745
9708
9625
9438
9881
6655
8244
2390
312
2489
9375
7030
8386
3024
4667
1436
5402
680
4023
4985
6075
3178
663
4327
8973
7728
2020
4600
9277
7210
7056
9696
7475
1354
80
1749
6273
2216
9671
7423
8012
7600
7678
5950
5504
7638
5270
462
4052
6573
6632
9609
7928
2138
5974
5175
7608
7555
9468
951
2139
2914
9316
8493
3216
2124
3352
584
7937
3706
2840
6123
6037
899
6682
2810
6975
5354
1079
9992
8500
726
3096
2357
5796
5636
2832
6961
479
363
3304
4488
5709
9831
2156
6468
1176
472
6060
5017
941
2267
9323
641
1375
2135
2857
997
1432
9971
6137
7978
5142
3820
3080
7667
7283
7946
703
1756
7422
7040
4476
216
3392
1623
4016
8054
4087
5919
2101
5832
1056
535
2533
5934
1796
358
8000
5285
6899
9884
1103
1711
5626
8051
4942
504
3658
6797
385
5646
4190
1561
9538
5962
8106
8760
5345
8474
3418
9174
4944
3788
2124
6054
120
625
8930
210
8423
8037
2133
6530
6634
7566
6377
3991
2344
8066
3148
7252
9481
1168
9549
9378
4481
5752
3319
8761
7992
4512
8716
8991
308
9202
5784
6154
5077
9882
5845
496
514
3761
9781
1352
442
8697
3750
3009
2457
8306
9822
8292
3557
3846
5626
9916
2968
1453
9758
5067
9979
6898
4675
7603
8233
2410
7099
3643
9240
7548
1394
5844
3464
2356
250
196
9637
1767
8520
202
3333
1104
3629
5642
3437
572
5269
9303
630
573
1788
2975
8530
7519
2728
4549
7719
8738
9046
7960
9712
9894
2222
8747
9143
905
6559
4059
1009
4292
1087
2233
4197
5552
2776
459
4309
4705
8304
2890
2783
8193
1300
9386
3246
8746
8988
4786
7384
8235
4289
1323
4495
9889
565
9044
2133
7644
8827
7655
5376
5384
8098
4541
99
1926
4150
6173
6567
7076
6076
7087
9189
1078
4271
3665
6496
5747
80
9381
9537
7871
8193
2491
774
7046
656
6200
7701
3039
94
5145
4529
8687
3056
4604
2610
407
9831
9995
3295
7046
2946
827
9110
8186
7485
5479
9701
4288
1272
2107
3995
204
8547
7509
5348
3788
4373
4694
6881
2214
267
9081
5383
7540
7307
2834
4298
2428
7753
1311
5829
9781
8729
6584
9849
7513
2378
9301
3283
7183
5125
2004
6799
3586
9640
251
6781
2224
9912
1099
2778
8006
4336
8051
1424
7132
4044
4138
2388
5267
7436
4556
6157
2257
1047
2102
1318
3445
6103
5377
3972
3702
9101
9546
1187
6472
7412
2234
7444
5739
3787
455
5235
7492
1790
724
1464
2118
5964
2464
3528
1229
4339
7875
6299
5304
3732
2486
8456
1526
6790
5130
6187
61
1222
8637
5036
4893
8765
443
8635
2612
4061
1101
3993
1174
3643
1125
3777
6437
2329
7311
9816
283
9446
8611
4778
8049
634
7599
2588
1446
2704
3281
3498
6065
2522
3743
9939
2877
8590
7383
9661
4083
5539
1067
7207
5800
4537
5081
5852
8098
9862
9053
4773
663
971
7610
2853
5250
6121
649
5977
2482
3382
9708
1689
2412
9547
7599
1201
4578
5222
1462
9784
2783
778
5245
3997
3919
5862
4891
3292
8971
7573
7919
4328
4678
717
5277
1283
3215
1821
4039
1688
3711
2023
2365
7963
7302
2234
7591
7457
6758
4770
5988
3016
3456
8447
6805
2082
7045
3025
4289
6713
7100
9293
9701
3684
7250
1336
3880
1009
8622
2489
9129
8719
3497
978
6210
9426
6601
5489
6603
8389
4369
2721
165
7046
9041
3005
7667
7051
4813
1387
7890
4392
4805
3384
8169
9192
5149
7556
6736
917
5392
6195
2102
6230
2949
3897
8177
821
1369
2480
2870
9629
7861
9397
2965
9819
1469
1064
8998
4687
8703
3500
1523
7865
2567
9422
2665
1475
423
9582
4591
9098
4945
3478
3808
1565
2291
5852
1926
69
2570
1261
9326
9802
2468
8933
3949
173
6128
7263
7241
1452
9262
7891
403
9195
7643
1481
7163
9568
3348
8712
8596
635
8967
9313
6573
580
374
7198
55
1053
8355
2318
2703
3860
6016
595
9222
1994
1978
3345
2172
9655
4025
5267
4833
548
9393
384
4548
5732
8404
6681
6566
160
6259
3532
9292
4902
7145
413
9409
3121
8684
7792
988
3128
4417
9665
6432
1857
337
7684
7294
9359
5420
4296
5055
6127
2294
5878
5363
4787
1960
3980
9009
594
7064
9084
1388
9114
4881
9183
4988
9569
4109
6510
1062
3319
2313
1025
182
7218
4717
8923
7925
9183
580
4181
779
1581
3057
493
2018
7213
6342
7757
2539
6481
9725
5872
6951
876
7330
9109
9030
2525
5127
8361
8559
8090
3229
9440
9402
5749
8557
8003
7883
2247
7643
440
3527
8876
3203
9408
1908
5209
4096
7288
2599
5458
6843
9939
3221
2262
731
6535
991
992
518
8219
5939
1613
4891
3763
9160
4512
9284
4699
2045
6521
5919
5246
8949
1501
3645
7932
4419
1791
4925
6768
6937
5561
7141
2292
2050
7218
4602
9412
7924
3352
6615
4167
5585
6938
5483
2169
1530
9236
3915
5871
4199
5948
3466
4813
2283
1335
2659
9924
7136
9707
1637
4382
6402
2143
4260
2380
1913
9471
2332
6329
3702
9078
4650
7383
2593
736
9356
1936
4249
6792
8234
5579
5202
7877
9362
4227
8417
2161
4997
9390
3707
8281
8505
686
5419
5421
9089
1243
2434
6443
6238
4221
2568
5781
8991
2711
7848
4527
9821
9106
7116
5983
8580
1506
847
4950
6881
6956
823
3826
4797
3433
8403
6447
9659
3882
5846
9916
6410
8197
8495
6124
5491
1926
7149
9199
8322
9863
5431
9767
8746
4826
6028
8772
1482
9966
9449
4169
1384
2192
9858
5186
3228
2694
6469
8540
3524
4044
1664
6819
6123
2978
9515
2031
9828
5003
4455
2892
8656
609
4226
5957
3440
2388
264
3921
1027
8698
8113
3446
5146
8769
2008
3686
246
9222
8413
676
1660
6436
2396
1778
9685
4418
93
5037
3786
1518
7910
7807
9216
3176
565
9229
9134
8719
2379
4355
5061
2085
3029
7405
3103
3929
6752
7506
8270
710
9304
2050
2507
8599
4267
